(1,5,59)
(2,3,335)
(3,8,504)
(4,1,513)
(5,2,504)
(6,4,258)
(7,6,59)
(8,7,258)
(9,14,335)
(10,11,165)
(11,10,193)
(12,15,153)
(13,9,206)
(14,16,32)
(15,12,193)
(16,13,165)
(17,18,480)
(18,17,133)
(19,17,447)
(20,22,310)
(21,19,293)
(22,21,293)
(23,23,12)
(24,20,310)
(25,24,421)
(26,27,421)
(27,31,315)
(28,25,151)
(29,29,151)
(30,28,138)
(31,30,138)
(32,26,479)
(33,32,528)
(34,33,218)
(35,34,299)
(36,35,227)
(37,37,227)
(38,38,140)
(39,36,140)
(40,39,449)
(41,47,380)
(42,43,351)
(43,46,528)
(44,40,299)
(45,41,515)
(46,44,258)
(47,42,258)
(48,45,351)
(49,48,380)
(50,50,239)
(51,53,330)
(52,49,57)
(53,52,369)
(54,54,250)
(55,51,315)
(56,55,250)
(57,56,255)
(58,57,146)
(59,59,255)
(60,58,369)
(61,61,57)
(62,60,297)
(63,62,56)
(64,64,297)
(65,63,315)
(66,65,146)
(67,67,301)
(68,69,303)
(69,71,303)
(70,66,263)
(71,68,263)
(72,70,263)
(73,72,263)
(74,73,263)
(75,74,292)
(76,76,507)
(77,75,507)
(78,75,303)
(79,77,507)
(80,78,289)
(81,79,33)
(82,79,289)
(83,80,269)
(84,81,269)
(85,84,460)
(86,85,269)
(87,83,11)
(88,86,11)
(89,88,11)
(90,82,216)
(91,87,205)
(92,90,480)
(93,91,480)
(94,92,31)
(95,94,46)
(96,94,31)
(97,96,84)
(98,89,85)
(99,93,510)
(100,95,345)
(101,97,460)
(102,98,85)
(103,99,345)
(104,100,182)
(105,101,282)
(106,102,460)
(107,104,289)
(108,103,347)
(109,105,84)
(110,107,480)
(111,108,114)
(112,109,400)
(113,110,480)
(114,111,249)
(115,106,349)
(116,112,349)
(117,113,182)
(118,114,289)
(119,115,85)
(120,116,282)
(121,117,460)
(122,118,345)
(123,119,182)
(124,120,460)
(125,121,400)
(126,122,249)
(127,123,249)
(128,124,480)
(129,125,84)
(130,126,114)
(131,127,480)
(132,128,400)
(133,131,182)
(134,132,376)
(135,129,33)
(136,130,33)
(137,133,304)
(138,133,347)
(139,134,304)
(140,135,182)
(141,136,347)
(142,137,510)
(143,138,114)
(144,140,114)
(145,139,305)
(146,142,376)
(147,141,33)
(148,141,289)
(149,143,269)
(150,145,269)
(151,147,289)
(152,148,460)
(153,149,269)
(154,144,424)
(155,146,424)
(156,150,166)
(157,154,101)
(158,151,349)
(159,157,349)
(160,156,55)
(161,158,55)
(162,153,282)
(163,155,282)
(164,152,97)
(165,166,97)
(166,159,46)
(167,161,46)
(168,163,85)
(169,165,205)
(170,162,460)
(171,160,400)
(172,164,101)
(173,167,424)
(174,170,424)
(175,173,463)
(176,168,287)
(177,172,146)
(178,169,315)
(179,171,287)
(180,174,279)
(181,177,245)
(182,175,56)
(183,176,100)
(184,180,220)
(185,178,104)
(186,181,505)
(187,179,421)
(188,182,146)
(189,183,315)
(190,184,463)
(191,184,1)
(192,185,486)
(193,186,356)
(194,187,512)
(195,188,486)
(196,189,209)
(197,190,512)
(198,191,486)
(199,194,36)
(200,196,328)
(201,192,199)
(202,193,489)
(203,195,133)
(204,195,447)
(205,197,65)
(206,198,379)
(207,200,379)
(208,199,216)
(209,201,199)
(210,202,199)
(211,203,288)
(212,204,475)
(213,205,27)
(214,206,481)
(215,207,18)
(216,208,485)
(217,209,36)
(218,210,489)
(219,211,215)
(220,212,215)
(221,213,36)
(222,214,485)
(223,215,481)
(224,216,512)
(225,217,485)
(226,219,215)
(227,220,356)
(228,221,485)
(229,218,475)
(230,222,288)
(231,223,475)
(232,226,18)
(233,228,209)
(234,224,11)
(235,225,11)
(236,230,11)
(237,227,216)
(238,229,65)
(239,231,27)
(240,232,328)
(241,237,27)
(242,233,191)
(243,234,191)
(244,236,191)
(245,235,188)
(246,239,219)
(247,238,158)
(248,240,158)
(249,243,493)
(250,246,493)
(251,241,434)
(252,244,123)
(253,242,188)
(254,247,279)
(255,245,123)
(256,251,219)
(257,249,279)
(258,254,443)
(259,252,365)
(260,248,71)
(261,255,325)
(262,253,61)
(263,250,6)
(264,258,129)
(265,261,518)
(266,256,325)
(267,257,431)
(268,259,480)
(269,260,414)
(270,262,517)
(271,263,480)
(272,270,480)
(273,264,16)
(274,265,414)
(275,266,414)
(276,267,252)
(277,268,252)
(278,269,155)
(279,271,414)
(280,272,414)
(281,275,155)
(282,276,175)
(283,277,175)
(284,273,173)
(285,274,370)
(286,279,370)
(287,278,340)
(288,280,341)
(289,282,370)
(290,283,370)
(291,284,332)
(292,285,370)
(293,286,370)
(294,281,340)
(295,287,16)
(296,288,332)
(297,293,155)
(298,294,155)
(299,292,517)
(300,289,341)
(301,291,8)
(302,290,173)
(303,295,173)
(304,296,173)
(305,298,173)
(306,301,529)
(307,297,211)
(308,299,81)
(309,300,34)
(310,302,448)
(311,304,81)
(312,307,448)
(313,309,448)
(314,303,378)
(315,305,286)
(316,308,286)
(317,306,202)
(318,310,186)
(319,311,202)
(320,312,186)
(321,313,96)
(322,314,186)
(323,315,96)
(324,316,96)
(325,317,202)
(326,318,112)
(327,320,15)
(328,322,15)
(329,321,141)
(330,324,141)
(331,319,467)
(332,323,467)
(333,325,265)
(334,327,102)
(335,332,320)
(336,328,34)
(337,329,142)
(338,330,392)
(339,326,112)
(340,333,142)
(341,331,265)
(342,335,102)
(343,341,378)
(344,336,392)
(345,337,52)
(346,338,202)
(347,340,196)
(348,334,499)
(349,339,388)
(350,347,388)
(351,346,499)
(352,342,408)
(353,343,160)
(354,348,54)
(355,344,8)
(356,351,91)
(357,345,6)
(358,350,268)
(359,353,74)
(360,349,195)
(361,355,514)
(362,352,129)
(363,354,221)
(364,356,100)
(365,364,397)
(366,358,221)
(367,363,169)
(368,357,159)
(369,361,6)
(370,359,159)
(371,362,514)
(372,360,505)
(373,368,32)
(374,365,505)
(375,366,284)
(376,367,230)
(377,367,195)
(378,370,117)
(379,370,240)
(380,371,333)
(381,369,275)
(382,372,231)
(383,373,397)
(384,378,100)
(385,379,268)
(386,374,117)
(387,375,424)
(388,376,546)
(389,377,546)
(390,380,253)
(391,386,307)
(392,385,254)
(393,387,254)
(394,383,532)
(395,384,532)
(396,381,87)
(397,388,34)
(398,382,525)
(399,389,424)
(400,394,424)
(401,393,424)
(402,395,424)
(403,391,307)
(404,396,253)
(405,390,122)
(406,392,122)
(407,400,476)
(408,397,25)
(409,398,542)
(410,399,92)
(411,404,487)
(412,401,238)
(413,402,487)
(414,403,527)
(415,405,527)
(416,410,42)
(417,408,476)
(418,412,462)
(419,411,530)
(420,407,542)
(421,406,527)
(422,409,462)
(423,415,238)
(424,418,530)
(425,413,480)
(426,417,480)
(427,420,254)
(428,414,458)
(429,416,480)
(430,419,480)
(431,421,254)
(432,424,254)
(433,422,532)
(434,425,532)
(435,423,458)
(436,426,418)
(437,428,418)
(438,427,480)
(439,429,480)
(440,432,189)
(441,433,189)
(442,430,242)
(443,431,242)
(444,434,242)
(445,439,240)
(446,435,240)
(447,435,117)
(448,436,380)
(449,443,240)
(450,437,66)
(451,438,365)
(452,441,443)
(453,442,267)
(454,440,267)
(455,444,502)
(456,446,38)
(457,448,283)
(458,445,316)
(459,447,416)
(460,451,416)
(461,449,440)
(462,450,440)
(463,454,2)
(464,452,2)
(465,453,226)
(466,457,79)
(467,458,283)
(468,455,128)
(469,456,457)
(470,460,79)
(471,464,226)
(472,466,342)
(473,465,316)
(474,459,128)
(475,463,331)
(476,462,359)
(477,461,386)
(478,468,192)
(479,471,93)
(480,467,459)
(481,474,374)
(482,469,93)
(483,470,374)
(484,472,76)
(485,473,290)
(486,475,76)
(487,476,270)
(488,477,270)
(489,480,537)
(490,482,229)
(491,479,229)
(492,478,537)
(493,481,455)
(494,490,537)
(495,487,53)
(496,488,118)
(497,489,53)
(498,485,118)
(499,486,387)
(500,483,325)
(501,484,325)
(502,491,387)
(503,497,300)
(504,494,434)
(505,496,300)
(506,493,480)
(507,492,318)
(508,495,318)
(509,498,480)
(510,500,318)
(511,499,70)
(512,501,543)
(513,502,134)
(514,503,419)
(515,504,543)
(516,506,547)
(517,505,538)
(518,507,538)
(519,508,402)
(520,512,402)
(521,513,415)
(522,514,62)
(523,509,415)
(524,511,466)
(525,510,170)
(526,515,170)
(527,517,466)
(528,516,473)
(529,520,521)
(530,521,70)
(531,519,62)
(532,518,134)
(533,522,521)
(534,526,473)
(535,530,419)
(536,525,290)
(537,523,366)
(538,524,366)
(539,528,366)
(540,529,366)
(541,527,531)
(542,531,405)
(543,535,357)
(544,536,1)
(545,534,72)
(546,537,373)
(547,544,480)
(548,532,230)
(549,532,195)
(550,533,405)
(551,543,373)
(552,538,373)
(553,539,1)
(554,539,463)
(555,540,523)
(556,541,383)
(557,542,157)
(558,545,157)
(559,547,383)
(560,552,383)
(561,546,375)
(562,548,157)
(563,551,157)
(564,549,375)
(565,550,523)
(566,553,55)
(567,554,375)
(568,557,166)
(569,559,166)
(570,558,55)
(571,560,55)
(572,555,523)
(573,556,523)
(574,561,383)
(575,562,523)
(576,563,375)
(577,564,135)
(578,565,131)
(579,568,135)
(580,567,501)
(581,566,417)
(582,572,404)
(583,569,480)
(584,571,409)
(585,570,261)
(586,573,404)
(587,574,261)
(588,575,409)
(589,576,309)
(590,577,501)
(591,578,417)
(592,579,292)
(593,580,329)
(594,581,4)
(595,582,4)
(596,583,4)
(597,584,4)
(598,587,534)
(599,585,183)
(600,586,534)
(601,588,183)
(602,589,183)
(603,590,183)
(604,591,45)
(605,592,41)
(606,593,292)
(607,594,13)
(608,595,13)
(609,597,292)
(610,596,177)
(611,598,183)
(612,599,534)
(613,600,183)
(614,601,183)
(615,602,177)
(616,603,13)
(617,604,13)
(618,605,329)
(619,606,45)
(620,607,497)
(621,608,382)
(622,611,308)
(623,612,143)
(624,613,217)
(625,614,308)
(626,615,367)
(627,616,143)
(628,617,307)
(629,619,48)
(630,618,203)
(631,620,204)
(632,621,87)
(633,609,308)
(634,623,497)
(635,628,212)
(636,622,184)
(637,610,162)
(638,626,438)
(639,624,125)
(640,625,184)
(641,627,125)
(642,629,48)
(643,636,438)
(644,633,425)
(645,635,382)
(646,631,425)
(647,634,203)
(648,630,536)
(649,632,444)
(650,637,281)
(651,639,51)
(652,642,51)
(653,643,153)
(654,644,51)
(655,638,179)
(656,640,260)
(657,641,78)
(658,645,260)
(659,646,78)
(660,650,179)
(661,651,78)
(662,652,179)
(663,653,260)
(664,647,398)
(665,648,224)
(666,649,326)
(667,656,454)
(668,655,61)
(669,660,19)
(670,658,522)
(671,654,153)
(672,659,61)
(673,661,281)
(674,657,326)
(675,666,368)
(676,664,522)
(677,668,444)
(678,665,260)
(679,662,179)
(680,669,78)
(681,663,398)
(682,667,224)
(683,671,64)
(684,673,160)
(685,677,64)
(686,676,314)
(687,672,10)
(688,674,360)
(689,675,71)
(690,670,359)
(691,684,314)
(692,678,479)
(693,679,479)
(694,681,10)
(695,680,354)
(696,680,244)
(697,682,244)
(698,685,354)
(699,683,518)
(700,688,244)
(701,687,518)
(702,691,359)
(703,686,246)
(704,690,108)
(705,692,206)
(706,689,26)
(707,693,186)
(708,694,202)
(709,695,202)
(710,696,96)
(711,697,202)
(712,698,96)
(713,699,186)
(714,700,96)
(715,701,186)
(716,704,539)
(717,707,163)
(718,706,206)
(719,709,24)
(720,705,319)
(721,702,26)
(722,702,334)
(723,708,539)
(724,703,108)
(725,711,472)
(726,712,500)
(727,713,105)
(728,710,256)
(729,714,256)
(730,715,164)
(731,716,381)
(732,717,105)
(733,718,164)
(734,719,91)
(735,720,131)
(736,722,91)
(737,723,20)
(738,721,20)
(739,725,427)
(740,724,131)
(741,730,381)
(742,728,427)
(743,733,472)
(744,726,500)
(745,729,264)
(746,727,264)
(747,731,537)
(748,732,228)
(749,736,306)
(750,735,384)
(751,734,492)
(752,738,228)
(753,738,355)
(754,737,355)
(755,741,302)
(756,740,537)
(757,739,306)
(758,744,302)
(759,748,537)
(760,743,430)
(761,742,220)
(762,747,152)
(763,745,389)
(764,746,109)
(765,749,121)
(766,752,220)
(767,751,285)
(768,754,104)
(769,750,285)
(770,753,104)
(771,756,121)
(772,755,152)
(773,757,389)
(774,759,169)
(775,763,231)
(776,758,348)
(777,762,218)
(778,764,227)
(779,760,150)
(780,761,245)
(781,765,322)
(782,766,322)
(783,770,132)
(784,773,132)
(785,772,334)
(786,769,284)
(787,768,32)
(788,771,22)
(789,767,290)
(790,779,42)
(791,774,447)
(792,780,447)
(793,781,295)
(794,776,457)
(795,778,88)
(796,777,379)
(797,775,295)
(798,782,295)
(799,784,221)
(800,783,26)
(801,783,334)
